BEFOR [[1, 2, 3, 4, 5, 6, 7, 8, 9, 10, 11, 12, 13, 14, 15]]
AFTER [[1, 2, 3, 4, 5, 6, 7, 8, 9, 10, 11, 12, 13, 14, 15], [16, 17, 18, 19, 20, 21, 22, 23, 24, 25, 26, 27, 28, 29, 30]]
[ 7.46676956  2.81842969 -1.40972755]
[[1, 2, 3, 4, 5, 6, 7, 8, 9, 10, 11, 12, 13, 14, 15], [16, 17, 18, 19, 20, 21, 22, 23, 24, 25, 26, 27, 28, 29, 30]]
BEFOR [[1, 2, 3, 4, 5, 6, 7, 8, 9, 10, 11, 12, 13, 14, 15], [16, 17, 18, 19, 20, 21, 22, 23, 24, 25, 26, 27, 28, 29, 30]]
AFTER [[1, 2, 3, 4, 5, 6, 7, 8, 9, 10, 11, 12, 13, 14, 15], [16, 17, 18, 19, 20, 21, 22, 23, 24, 25, 26, 27, 28, 29, 30], [16, 17, 18, 19, 20, 21, 22, 23, 24, 25, 26, 27, 28, 29, 30]]
[ 7.50126058  2.15608834 -5.34187349]
[[1, 2, 3, 4, 5, 6, 7, 8, 9, 10, 11, 12, 13, 14, 15], [16, 17, 18, 19, 20, 21, 22, 23, 24, 25, 26, 27, 28, 29, 30], [16, 17, 18, 19, 20, 21, 22, 23, 24, 25, 26, 27, 28, 29, 30]]
BEFOR [[1, 2, 3, 4, 5, 6, 7, 8, 9, 10, 11, 12, 13, 14, 15], [16, 17, 18, 19, 20, 21, 22, 23, 24, 25, 26, 27, 28, 29, 30], [16, 17, 18, 19, 20, 21, 22, 23, 24, 25, 26, 27, 28, 29, 30]]
AFTER [[1, 2, 3, 4, 5, 6, 7, 8, 9, 10, 11, 12, 13, 14, 15], [16, 17, 18, 19, 20, 21, 22, 23, 24, 25, 26, 27, 28, 29, 30], [16, 17, 18, 19, 20, 21, 22, 23, 24, 25, 26, 27, 28, 29, 30], [31, 32, 33, 34, 35, 36, 37, 38, 39, 40, 41, 42, 43, 44, 45]]
[ 8.16699608  3.81865754 -0.8173325 ]
[[1, 2, 3, 4, 5, 6, 7, 8, 9, 10, 11, 12, 13, 14, 15], [16, 17, 18, 19, 20, 21, 22, 23, 24, 25, 26, 27, 28, 29, 30], [16, 17, 18, 19, 20, 21, 22, 23, 24, 25, 26, 27, 28, 29, 30], [31, 32, 33, 34, 35, 36, 37, 38, 39, 40, 41, 42, 43, 44, 45]]
BEFOR [[1, 2, 3, 4, 5, 6, 7, 8, 9, 10, 11, 12, 13, 14, 15], [16, 17, 18, 19, 20, 21, 22, 23, 24, 25, 26, 27, 28, 29, 30], [16, 17, 18, 19, 20, 21, 22, 23, 24, 25, 26, 27, 28, 29, 30], [31, 32, 33, 34, 35, 36, 37, 38, 39, 40, 41, 42, 43, 44, 45]]
AFTER [[1, 2, 3, 4, 5, 6, 7, 8, 9, 10, 11, 12, 13, 14, 15], [16, 17, 18, 19, 20, 21, 22, 23, 24, 25, 26, 27, 28, 29, 30], [16, 17, 18, 19, 20, 21, 22, 23, 24, 25, 26, 27, 28, 29, 30], [31, 32, 33, 34, 35, 36, 37, 38, 39, 40, 41, 42, 43, 44, 45], [46, 47, 48, 49, 50, 51, 52, 53, 54, 55, 56, 57, 58, 59, 60]]
[ 8.40246669  3.00447096 -4.09555876]
[[1, 2, 3, 4, 5, 6, 7, 8, 9, 10, 11, 12, 13, 14, 15], [16, 17, 18, 19, 20, 21, 22, 23, 24, 25, 26, 27, 28, 29, 30], [16, 17, 18, 19, 20, 21, 22, 23, 24, 25, 26, 27, 28, 29, 30], [31, 32, 33, 34, 35, 36, 37, 38, 39, 40, 41, 42, 43, 44, 45], [46, 47, 48, 49, 50, 51, 52, 53, 54, 55, 56, 57, 58, 59, 60]]
[[  2.248486     2.316954    -0.42368   ]
 [ -2.355262     0.524397    -0.174268  ]
 [ -0.163149     1.220529    -0.256371  ]
 [ -0.669405    -1.012871     0.1019    ]
 [ -1.16922      0.268415    -0.116508  ]
 [  1.207556     1.023718    -0.214007  ]
 [  1.613959    -0.337457     0.022068  ]
 [  0.671338    -1.301344     0.168735  ]
 [ -0.493897     2.165764    -0.422069  ]
 [ -1.371401    -1.733183     0.208941  ]
 [  2.672658    -0.56559      0.075     ]
 [  0.919069    -2.342453     0.343823  ]
 [  4.85569      0.159276    -0.032065  ]
 [  4.229948     0.884526    -0.229592  ]
 [  5.153093     0.364533     0.867339  ]
 [  2.27932197   1.64736519  -4.36711758]
 [ -2.32433958  -0.14540859  -4.1176681 ]
 [ -0.13226003   0.55082664  -4.19978889]
 [ -0.63840796  -1.68259707  -3.84151302]
 [ -1.13828506  -0.4013347   -4.05991749]
 [  1.23845457   0.35408023  -4.15743578]
 [  1.64492358  -1.00707554  -3.92136353]
 [  0.70234917  -1.97100689  -3.77468863]
 [ -0.46305389   1.496046    -4.36548459]
 [ -1.34036917  -2.4029421   -3.73446614]
 [  2.70363375  -1.23515864  -3.86843991]
 [  0.95013061  -3.01210415  -3.59960223]
 [  4.88663075  -0.51018984  -3.97552264]
 [  4.260853     0.2150306   -4.1730449 ]
 [  5.18403127  -0.3049185   -3.0761211 ]
 [  2.27932707   1.6473678   -4.36713291]
 [  0.45099819   2.44442381  -8.89392845]
 [  1.39640364   1.97386013  -6.84906208]
 [  2.23921977   1.00545681  -8.77898042]
 [  1.28713466   1.86224719  -8.23248697]
 [  2.31634983   1.35944043  -6.01506632]
 [  3.25071745   0.49155619  -6.68396562]
 [  3.18306472   0.34637832  -8.0306171 ]
 [  0.71929245   2.59586425  -6.41900327]
 [  2.19147695   0.89825007  -9.78363602]
 [  3.99613466  -0.02913999  -6.09327221]
 [  3.86265838  -0.28960087  -8.58704977]
 [  4.93208244  -0.46424518  -4.03482436]
 [  4.22603425   0.2093774   -3.96935591]
 [  4.51234319  -1.25856019  -3.67097116]
 [  4.78151621   5.36717554  -0.95285316]
 [  7.49026115   9.09041867   0.85549526]
 [  6.27459808   7.39924891  -0.12369227]
 [  7.6286317    8.76686412  -1.41557091]
 [  7.16106155   8.4726825   -0.13727273]
 [  5.84840946   6.63303318  -1.19637031]
 [  6.38975808   7.02704176  -2.47127858]
 [  7.25488324   8.06929026  -2.53761287]
 [  5.91832075   7.15508935   0.79487827]
 [  8.27595561   9.54244323  -1.46611131]
 [  6.0947431    6.47644353  -3.35756171]
 [  7.69665193   8.40676029  -3.46868151]
 [  4.88139234   4.76354713  -4.30428672]
 [  4.79721555   4.76284476  -3.32987854]
 [  4.02926084   5.11992596  -4.59817882]
 [  7.87574417   2.87027292  -0.40503387]
 [ 11.13705152   0.63386115   2.56688459]
 [  9.68902825   1.60929359   1.06739793]
 [ 11.30032027   0.11284676   0.3345175 ]
 [ 10.74233248   0.77271931   1.42650136]
 [  9.16591125   1.8251825   -0.19715814]
 [  9.82086034   1.09681129  -1.25271924]
 [ 10.85478808   0.2714665   -0.95451943]
 [  9.25601154   2.10226291   1.84186358]
 [ 12.06996105  -0.5050178    0.55588145]
 [  9.46933697   1.22191727  -2.27079087]
 [ 11.38176556  -0.30439468  -1.70725646]
 [  7.99322788   2.19959856  -3.74312357]
 [  7.78676257   2.44246357  -2.81849057]
 [  8.40246669   3.00447096  -4.09555876]]
grp idx [[1, 2, 3, 4, 5, 6, 7, 8, 9, 10, 11, 12, 13, 14, 15], [16, 17, 18, 19, 20, 21, 22, 23, 24, 25, 26, 27, 28, 29, 30], [16, 17, 18, 19, 20, 21, 22, 23, 24, 25, 26, 27, 28, 29, 30], [31, 32, 33, 34, 35, 36, 37, 38, 39, 40, 41, 42, 43, 44, 45], [46, 47, 48, 49, 50, 51, 52, 53, 54, 55, 56, 57, 58, 59, 60]]
